2095
25513 19073 10757 19908 24665 8463
25513 19073 10757 24512 8871 6321
25513 19073 10757 1866 25229 20479
25513 19073 10757 5059 17403 11787
25513 19073 10757 1765 25005 25084
25513 19073 10757 6091 18896 13191
25513 19073 10757 135 21764 17008
25513 19073 10757 21938 836 13902
25513 19073 10757 7074 6985 19601
25513 19073 10757 10975 27244 17291
25513 19073 10757 18320 18771 9914
25513 19073 10757 2391 16857 24914
25513 19073 10757 19550 393 18180
25513 19073 10757 10124 23696 13038
25513 19073 10757 16972 17025 12519
25513 19073 10757 16593 29184 13475
25513 19073 10757 19467 4241 17553
25513 19073 10757 30929 11393 7301
25513 19073 10757 27729 991 10168
25513 19073 10757 11223 747 31753
25513 19073 10757 16963 4769 23383
25513 19073 10757 4369 26870 24843
25513 19073 10757 7736 18523 28446
25513 19073 10757 18501 27510 6084
25513 19073 10757 9082 20032 26249
25513 19073 10757 2117 22209 31776
25513 19073 10757 16212 16011 3398
25513 19073 10757 26726 15301 9040
25513 19073 10757 22510 1994 8381
25513 19073 10757 26437 32448 22909
25513 19073 10757 32367 26135 2506
25513 19073 10757 13346 17527 13900
25513 19073 10757 7755 12750 20367
25513 19073 10757 10148 7376 20656
25513 19073 10757 28671 2764 24314
25513 19073 10757 23591 299 24428
25513 19073 10757 13302 8929 8491
25513 19073 10757 21280 19710 11668
25513 19073 10757 26872 2122 15109
25513 19073 10757 8498 8774 14374
25513 19073 10757 20326 21113 13425
25513 19073 10757 15342 4218 14384
25513 19073 10757 21164 3216 15837
25513 19073 10757 13895 14664 22778
25513 19073 10757 377 11313 20109
25513 19073 10757 4709 20170 10171
25513 19073 10757 16576 24476 1268
25513 19073 10757 4123 14921 24892
25513 19073 10757 8871 1930 14743
25513 19073 10757 11464 29925 15968
25513 19073 10757 13791 2001 10429
25513 19073 10757 13862 24604 17290
25513 19073 10757 11651 19016 23953
25513 19073 10757 14815 10667 13969
25513 19073 10757 31671 9901 15544
25513 19073 10757 10011 645 32026
25513 19073 10757 26918 1443 11488
25513 19073 10757 9028 5438 13189
25513 19073 10757 24836 20667 9567
25513 19073 10757 22224 9306 1618
25513 19073 10757 28700 30039 2238
25513 19073 10757 26305 7308 17812
19908 24665 8463 1866 25229 20479
19908 24665 8463 5059 17403 11787
19908 24665 8463 1765 25005 25084
19908 24665 8463 6091 18896 13191
19908 24665 8463 16171 30834 2054
19908 24665 8463 135 21764 17008
19908 24665 8463 7074 6985 19601
19908 24665 8463 5471 27559 10008
19908 24665 8463 10975 27244 17291
19908 24665 8463 18320 18771 9914
19908 24665 8463 2391 16857 24914
19908 24665 8463 19550 393 18180
19908 24665 8463 12242 20772 929
19908 24665 8463 27585 11219 23729
19908 24665 8463 10124 23696 13038
19908 24665 8463 16972 17025 12519
19908 24665 8463 16593 29184 13475
19908 24665 8463 19467 4241 17553
19908 24665 8463 30194 19763 15619
19908 24665 8463 11223 747 31753
19908 24665 8463 16963 4769 23383
19908 24665 8463 18501 27510 6084
19908 24665 8463 16212 16011 3398
19908 24665 8463 26726 15301 9040
19908 24665 8463 13346 17527 13900
19908 24665 8463 17802 16905 1156
19908 24665 8463 7755 12750 20367
19908 24665 8463 10148 7376 20656
19908 24665 8463 28671 2764 24314
19908 24665 8463 23591 299 24428
19908 24665 8463 21280 19710 11668
19908 24665 8463 8498 8774 14374
19908 24665 8463 15342 4218 14384
19908 24665 8463 21164 3216 15837
19908 24665 8463 377 11313 20109
19908 24665 8463 4709 20170 10171
19908 24665 8463 4123 14921 24892
19908 24665 8463 11464 29925 15968
19908 24665 8463 14815 10667 13969
19908 24665 8463 31671 9901 15544
19908 24665 8463 10011 645 32026
19908 24665 8463 24836 20667 9567
19908 24665 8463 28700 30039 2238
19908 24665 8463 26305 7308 17812
24512 8871 6321 1765 25005 25084
24512 8871 6321 21938 836 13902
24512 8871 6321 7074 6985 19601
24512 8871 6321 10975 27244 17291
24512 8871 6321 18320 18771 9914
24512 8871 6321 15908 27890 25639
24512 8871 6321 2391 16857 24914
24512 8871 6321 27915 28352 25192
24512 8871 6321 16972 17025 12519
24512 8871 6321 27803 26883 22696
24512 8871 6321 30929 11393 7301
24512 8871 6321 30194 19763 15619
24512 8871 6321 27729 991 10168
24512 8871 6321 4369 26870 24843
24512 8871 6321 23485 21912 15760
24512 8871 6321 2117 22209 31776
24512 8871 6321 26726 15301 9040
24512 8871 6321 22510 1994 8381
24512 8871 6321 26437 32448 22909
24512 8871 6321 13346 17527 13900
24512 8871 6321 19790 12736 955
24512 8871 6321 7755 12750 20367
24512 8871 6321 10148 7376 20656
24512 8871 6321 13302 8929 8491
24512 8871 6321 21280 19710 11668
24512 8871 6321 8498 8774 14374
24512 8871 6321 20326 21113 13425
24512 8871 6321 15342 4218 14384
24512 8871 6321 377 11313 20109
24512 8871 6321 4123 14921 24892
24512 8871 6321 8871 1930 14743
24512 8871 6321 13791 2001 10429
24512 8871 6321 13862 24604 17290
24512 8871 6321 14815 10667 13969
24512 8871 6321 32640 28076 25361
24512 8871 6321 26918 1443 11488
24512 8871 6321 9028 5438 13189
24512 8871 6321 24836 20667 9567
24512 8871 6321 12935 29774 27816
1866 25229 20479 6091 18896 13191
1866 25229 20479 135 21764 17008
1866 25229 20479 21938 836 13902
1866 25229 20479 7074 6985 19601
1866 25229 20479 10975 27244 17291
1866 25229 20479 18320 18771 9914
1866 25229 20479 486 1007 14867
1866 25229 20479 15908 27890 25639
1866 25229 20479 5531 5691 1747
1866 25229 20479 2391 16857 24914
1866 25229 20479 19550 393 18180
1866 25229 20479 27585 11219 23729
1866 25229 20479 10124 23696 13038
1866 25229 20479 27915 28352 25192
1866 25229 20479 16972 17025 12519
1866 25229 20479 27803 26883 22696
1866 25229 20479 16593 29184 13475
1866 25229 20479 19467 4241 17553
1866 25229 20479 30194 19763 15619
1866 25229 20479 23447 19049 19175
1866 25229 20479 16963 4769 23383
1866 25229 20479 1732 3906 1895
1866 25229 20479 18501 27510 6084
1866 25229 20479 23485 21912 15760
1866 25229 20479 17282 18712 24201
1866 25229 20479 26726 15301 9040
1866 25229 20479 26437 32448 22909
1866 25229 20479 13346 17527 13900
1866 25229 20479 7755 12750 20367
1866 25229 20479 10148 7376 20656
1866 25229 20479 28671 2764 24314
1866 25229 20479 23591 299 24428
1866 25229 20479 13302 8929 8491
1866 25229 20479 21280 19710 11668
1866 25229 20479 26872 2122 15109
1866 25229 20479 8498 8774 14374
1866 25229 20479 20326 21113 13425
1866 25229 20479 15342 4218 14384
1866 25229 20479 23983 12615 23659
1866 25229 20479 21164 3216 15837
1866 25229 20479 13895 14664 22778
1866 25229 20479 377 11313 20109
1866 25229 20479 4123 14921 24892
1866 25229 20479 8871 1930 14743
1866 25229 20479 11464 29925 15968
1866 25229 20479 13791 2001 10429
1866 25229 20479 13862 24604 17290
1866 25229 20479 11651 19016 23953
1866 25229 20479 14815 10667 13969
1866 25229 20479 31671 9901 15544
1866 25229 20479 32640 28076 25361
1866 25229 20479 9028 5438 13189
1866 25229 20479 24836 20667 9567
1866 25229 20479 26305 7308 17812
1866 25229 20479 14043 15731 23918
27825 32631 1204 10975 27244 17291
27825 32631 1204 4369 26870 24843
27825 32631 1204 20326 21113 13425
27825 32631 1204 13895 14664 22778
27825 32631 1204 11464 29925 15968
27825 32631 1204 13862 24604 17290
27825 32631 1204 28700 30039 2238
5059 17403 11787 6091 18896 13191
5059 17403 11787 22271 7250 29059
5059 17403 11787 135 21764 17008
5059 17403 11787 21938 836 13902
5059 17403 11787 7074 6985 19601
5059 17403 11787 5471 27559 10008
5059 17403 11787 10975 27244 17291
5059 17403 11787 18320 18771 9914
5059 17403 11787 486 1007 14867
5059 17403 11787 15908 27890 25639
5059 17403 11787 5531 5691 1747
5059 17403 11787 19550 393 18180
5059 17403 11787 27585 11219 23729
5059 17403 11787 10124 23696 13038
5059 17403 11787 27915 28352 25192
5059 17403 11787 16972 17025 12519
5059 17403 11787 27803 26883 22696
5059 17403 11787 16593 29184 13475
5059 17403 11787 28829 23987 27986
5059 17403 11787 19467 4241 17553
5059 17403 11787 30194 19763 15619
5059 17403 11787 23447 19049 19175
5059 17403 11787 16963 4769 23383
5059 17403 11787 27851 14743 28320
5059 17403 11787 13834 24958 988
5059 17403 11787 18501 27510 6084
5059 17403 11787 23468 22065 29143
5059 17403 11787 23485 21912 15760
5059 17403 11787 16212 16011 3398
5059 17403 11787 26437 32448 22909
5059 17403 11787 13346 17527 13900
5059 17403 11787 17802 16905 1156
5059 17403 11787 10148 7376 20656
5059 17403 11787 28671 2764 24314
5059 17403 11787 23591 299 24428
5059 17403 11787 13302 8929 8491
5059 17403 11787 21280 19710 11668
5059 17403 11787 26872 2122 15109
5059 17403 11787 8498 8774 14374
5059 17403 11787 20326 21113 13425
5059 17403 11787 15342 4218 14384
5059 17403 11787 23983 12615 23659
5059 17403 11787 21164 3216 15837
5059 17403 11787 4709 20170 10171
5059 17403 11787 8871 1930 14743
5059 17403 11787 11464 29925 15968
5059 17403 11787 372 15634 7972
5059 17403 11787 13791 2001 10429
5059 17403 11787 13862 24604 17290
5059 17403 11787 14815 10667 13969
5059 17403 11787 25412 27984 28424
5059 17403 11787 32640 28076 25361
5059 17403 11787 9028 5438 13189
5059 17403 11787 24836 20667 9567
5059 17403 11787 26305 7308 17812
5059 17403 11787 26126 9448 29343
1765 25005 25084 21938 836 13902
1765 25005 25084 7074 6985 19601
1765 25005 25084 10975 27244 17291
1765 25005 25084 18320 18771 9914
1765 25005 25084 486 1007 14867
1765 25005 25084 19550 393 18180
1765 25005 25084 16972 17025 12519
1765 25005 25084 16593 29184 13475
1765 25005 25084 19467 4241 17553
1765 25005 25084 30929 11393 7301
1765 25005 25084 30194 19763 15619
1765 25005 25084 23447 19049 19175
1765 25005 25084 23485 21912 15760
1765 25005 25084 26726 15301 9040
1765 25005 25084 22510 1994 8381
1765 25005 25084 13346 17527 13900
1765 25005 25084 7755 12750 20367
1765 25005 25084 10148 7376 20656
1765 25005 25084 6109 809 819
1765 25005 25084 13302 8929 8491
1765 25005 25084 21280 19710 11668
1765 25005 25084 26872 2122 15109
1765 25005 25084 8498 8774 14374
1765 25005 25084 20326 21113 13425
1765 25005 25084 15342 4218 14384
1765 25005 25084 21164 3216 15837
1765 25005 25084 377 11313 20109
1765 25005 25084 8871 1930 14743
1765 25005 25084 11464 29925 15968
1765 25005 25084 13791 2001 10429
1765 25005 25084 13862 24604 17290
1765 25005 25084 14815 10667 13969
1765 25005 25084 31671 9901 15544
1765 25005 25084 26918 1443 11488
1765 25005 25084 9028 5438 13189
1765 25005 25084 24836 20667 9567
1765 25005 25084 22224 9306 1618
1765 25005 25084 26305 7308 17812
11532 11798 29107 135 21764 17008
11532 11798 29107 486 1007 14867
11532 11798 29107 16593 29184 13475
11532 11798 29107 30194 19763 15619
11532 11798 29107 27729 991 10168
11532 11798 29107 23485 21912 15760
11532 11798 29107 26872 2122 15109
11532 11798 29107 11464 29925 15968
11532 11798 29107 31671 9901 15544
11532 11798 29107 26918 1443 11488
19041 11968 27536 6091 18896 13191
19041 11968 27536 135 21764 17008
19041 11968 27536 5471 27559 10008
19041 11968 27536 10975 27244 17291
19041 11968 27536 486 1007 14867
19041 11968 27536 19550 393 18180
19041 11968 27536 10124 23696 13038
19041 11968 27536 16593 29184 13475
19041 11968 27536 30194 19763 15619
19041 11968 27536 26872 2122 15109
19041 11968 27536 8871 1930 14743
19041 11968 27536 11464 29925 15968
19041 11968 27536 13862 24604 17290
19041 11968 27536 31671 9901 15544
6091 18896 13191 22271 7250 29059
6091 18896 13191 135 21764 17008
6091 18896 13191 21938 836 13902
6091 18896 13191 7074 6985 19601
6091 18896 13191 5471 27559 10008
6091 18896 13191 10975 27244 17291
6091 18896 13191 18320 18771 9914
6091 18896 13191 486 1007 14867
6091 18896 13191 15908 27890 25639
6091 18896 13191 5531 5691 1747
6091 18896 13191 19550 393 18180
6091 18896 13191 27585 11219 23729
6091 18896 13191 10124 23696 13038
6091 18896 13191 27915 28352 25192
6091 18896 13191 16972 17025 12519
6091 18896 13191 27803 26883 22696
6091 18896 13191 16593 29184 13475
6091 18896 13191 28829 23987 27986
6091 18896 13191 19467 4241 17553
6091 18896 13191 30194 19763 15619
6091 18896 13191 11223 747 31753
6091 18896 13191 23447 19049 19175
6091 18896 13191 16963 4769 23383
6091 18896 13191 27851 14743 28320
6091 18896 13191 18501 27510 6084
6091 18896 13191 23468 22065 29143
6091 18896 13191 23485 21912 15760
6091 18896 13191 17282 18712 24201
6091 18896 13191 16212 16011 3398
6091 18896 13191 26726 15301 9040
6091 18896 13191 26437 32448 22909
6091 18896 13191 13346 17527 13900
6091 18896 13191 10148 7376 20656
6091 18896 13191 28671 2764 24314
6091 18896 13191 23591 299 24428
6091 18896 13191 13302 8929 8491
6091 18896 13191 21280 19710 11668
6091 18896 13191 26872 2122 15109
6091 18896 13191 8498 8774 14374
6091 18896 13191 20326 21113 13425
6091 18896 13191 15342 4218 14384
6091 18896 13191 23983 12615 23659
6091 18896 13191 21164 3216 15837
6091 18896 13191 377 11313 20109
6091 18896 13191 8871 1930 14743
6091 18896 13191 11464 29925 15968
6091 18896 13191 372 15634 7972
6091 18896 13191 13791 2001 10429
6091 18896 13191 13862 24604 17290
6091 18896 13191 14815 10667 13969
6091 18896 13191 31671 9901 15544
6091 18896 13191 25412 27984 28424
6091 18896 13191 32640 28076 25361
6091 18896 13191 9028 5438 13189
6091 18896 13191 24836 20667 9567
6091 18896 13191 26305 7308 17812
6091 18896 13191 26126 9448 29343
19263 18679 30427 21938 836 13902
19263 18679 30427 486 1007 14867
19263 18679 30427 26872 2122 15109
19263 18679 30427 21164 3216 15837
19263 18679 30427 8871 1930 14743
19263 18679 30427 31671 9901 15544
22271 7250 29059 135 21764 17008
22271 7250 29059 5471 27559 10008
22271 7250 29059 486 1007 14867
22271 7250 29059 10124 23696 13038
22271 7250 29059 16593 29184 13475
22271 7250 29059 30194 19763 15619
22271 7250 29059 3285 25011 3130
22271 7250 29059 23485 21912 15760
22271 7250 29059 4709 20170 10171
22271 7250 29059 8871 1930 14743
22271 7250 29059 11464 29925 15968
22271 7250 29059 372 15634 7972
16171 30834 2054 135 21764 17008
16171 30834 2054 5471 27559 10008
16171 30834 2054 27585 11219 23729
16171 30834 2054 16972 17025 12519
16171 30834 2054 11223 747 31753
16171 30834 2054 18501 27510 6084
16171 30834 2054 13346 17527 13900
16171 30834 2054 7755 12750 20367
16171 30834 2054 21280 19710 11668
16171 30834 2054 10011 645 32026
135 21764 17008 21938 836 13902
135 21764 17008 7074 6985 19601
135 21764 17008 5471 27559 10008
135 21764 17008 10975 27244 17291
135 21764 17008 18320 18771 9914
135 21764 17008 486 1007 14867
135 21764 17008 15908 27890 25639
135 21764 17008 5531 5691 1747
135 21764 17008 19550 393 18180
135 21764 17008 27585 11219 23729
135 21764 17008 10124 23696 13038
135 21764 17008 27915 28352 25192
135 21764 17008 16972 17025 12519
135 21764 17008 27803 26883 22696
135 21764 17008 16593 29184 13475
135 21764 17008 28829 23987 27986
135 21764 17008 19467 4241 17553
135 21764 17008 30194 19763 15619
135 21764 17008 23447 19049 19175
135 21764 17008 16963 4769 23383
135 21764 17008 1732 3906 1895
135 21764 17008 27851 14743 28320
135 21764 17008 18501 27510 6084
135 21764 17008 23468 22065 29143
135 21764 17008 23485 21912 15760
135 21764 17008 17282 18712 24201
135 21764 17008 16212 16011 3398
135 21764 17008 26437 32448 22909
135 21764 17008 13346 17527 13900
135 21764 17008 12578 15182 26659
135 21764 17008 7755 12750 20367
135 21764 17008 10148 7376 20656
135 21764 17008 28671 2764 24314
135 21764 17008 23591 299 24428
135 21764 17008 13302 8929 8491
135 21764 17008 21280 19710 11668
135 21764 17008 8498 8774 14374
135 21764 17008 20326 21113 13425
135 21764 17008 15342 4218 14384
135 21764 17008 23983 12615 23659
135 21764 17008 21164 3216 15837
135 21764 17008 11843 11418 28069
135 21764 17008 13895 14664 22778
135 21764 17008 377 11313 20109
135 21764 17008 16576 24476 1268
135 21764 17008 4123 14921 24892
135 21764 17008 8871 1930 14743
135 21764 17008 11464 29925 15968
135 21764 17008 13791 2001 10429
135 21764 17008 13862 24604 17290
135 21764 17008 11651 19016 23953
135 21764 17008 14815 10667 13969
135 21764 17008 25412 27984 28424
135 21764 17008 32640 28076 25361
135 21764 17008 9028 5438 13189
135 21764 17008 24836 20667 9567
135 21764 17008 26305 7308 17812
135 21764 17008 14043 15731 23918
135 21764 17008 12935 29774 27816
2744 19636 4333 5471 27559 10008
2744 19636 4333 486 1007 14867
2744 19636 4333 27585 11219 23729
2744 19636 4333 27915 28352 25192
2744 19636 4333 16972 17025 12519
2744 19636 4333 27803 26883 22696
2744 19636 4333 16593 29184 13475
2744 19636 4333 28829 23987 27986
2744 19636 4333 23447 19049 19175
2744 19636 4333 16963 4769 23383
2744 19636 4333 27851 14743 28320
2744 19636 4333 3285 25011 3130
2744 19636 4333 26437 32448 22909
2744 19636 4333 13346 17527 13900
2744 19636 4333 23591 299 24428
2744 19636 4333 8498 8774 14374
2744 19636 4333 20326 21113 13425
2744 19636 4333 23983 12615 23659
2744 19636 4333 8871 1930 14743
2744 19636 4333 11464 29925 15968
2744 19636 4333 372 15634 7972
2744 19636 4333 14815 10667 13969
2744 19636 4333 25412 27984 28424
2744 19636 4333 9028 5438 13189
2744 19636 4333 6903 23124 2771
2744 19636 4333 26126 9448 29343
21938 836 13902 7074 6985 19601
21938 836 13902 10975 27244 17291
21938 836 13902 18320 18771 9914
21938 836 13902 486 1007 14867
21938 836 13902 15908 27890 25639
21938 836 13902 2391 16857 24914
21938 836 13902 27585 11219 23729
21938 836 13902 10124 23696 13038
21938 836 13902 27915 28352 25192
21938 836 13902 16972 17025 12519
21938 836 13902 27803 26883 22696
21938 836 13902 28829 23987 27986
21938 836 13902 19467 4241 17553
21938 836 13902 30929 11393 7301
21938 836 13902 30194 19763 15619
21938 836 13902 27729 991 10168
21938 836 13902 23447 19049 19175
21938 836 13902 4369 26870 24843
21938 836 13902 7736 18523 28446
21938 836 13902 27851 14743 28320
21938 836 13902 23468 22065 29143
21938 836 13902 9082 20032 26249
21938 836 13902 23485 21912 15760
21938 836 13902 2117 22209 31776
21938 836 13902 17282 18712 24201
21938 836 13902 16212 16011 3398
21938 836 13902 26726 15301 9040
21938 836 13902 26437 32448 22909
21938 836 13902 13346 17527 13900
21938 836 13902 12578 15182 26659
21938 836 13902 7755 12750 20367
21938 836 13902 10148 7376 20656
21938 836 13902 13302 8929 8491
21938 836 13902 21280 19710 11668
21938 836 13902 26872 2122 15109
21938 836 13902 8498 8774 14374
21938 836 13902 20326 21113 13425
21938 836 13902 15342 4218 14384
21938 836 13902 23983 12615 23659
21938 836 13902 21164 3216 15837
21938 836 13902 11843 11418 28069
21938 836 13902 13895 14664 22778
21938 836 13902 377 11313 20109
21938 836 13902 4123 14921 24892
21938 836 13902 8871 1930 14743
21938 836 13902 13791 2001 10429
21938 836 13902 13862 24604 17290
21938 836 13902 11651 19016 23953
21938 836 13902 14815 10667 13969
21938 836 13902 31671 9901 15544
21938 836 13902 25412 27984 28424
21938 836 13902 32640 28076 25361
21938 836 13902 26918 1443 11488
21938 836 13902 9028 5438 13189
21938 836 13902 24836 20667 9567
21938 836 13902 26305 7308 17812
21938 836 13902 14043 15731 23918
21938 836 13902 12935 29774 27816
7074 6985 19601 5471 27559 10008
7074 6985 19601 10975 27244 17291
7074 6985 19601 18320 18771 9914
7074 6985 19601 486 1007 14867
7074 6985 19601 15908 27890 25639
7074 6985 19601 2391 16857 24914
7074 6985 19601 19550 393 18180
7074 6985 19601 27585 11219 23729
7074 6985 19601 10124 23696 13038
7074 6985 19601 27915 28352 25192
7074 6985 19601 16972 17025 12519
7074 6985 19601 27803 26883 22696
7074 6985 19601 16593 29184 13475
7074 6985 19601 19467 4241 17553
7074 6985 19601 30929 11393 7301
7074 6985 19601 30194 19763 15619
7074 6985 19601 27729 991 10168
7074 6985 19601 23447 19049 19175
7074 6985 19601 16963 4769 23383
7074 6985 19601 4369 26870 24843
7074 6985 19601 13834 24958 988
7074 6985 19601 18501 27510 6084
7074 6985 19601 9082 20032 26249
7074 6985 19601 3285 25011 3130
7074 6985 19601 23485 21912 15760
7074 6985 19601 17282 18712 24201
7074 6985 19601 26726 15301 9040
7074 6985 19601 22510 1994 8381
7074 6985 19601 26437 32448 22909
7074 6985 19601 13346 17527 13900
7074 6985 19601 12578 15182 26659
7074 6985 19601 7755 12750 20367
7074 6985 19601 10148 7376 20656
7074 6985 19601 28671 2764 24314
7074 6985 19601 23591 299 24428
7074 6985 19601 21280 19710 11668
7074 6985 19601 26872 2122 15109
7074 6985 19601 20326 21113 13425
7074 6985 19601 15342 4218 14384
7074 6985 19601 23983 12615 23659
7074 6985 19601 21164 3216 15837
7074 6985 19601 13895 14664 22778
7074 6985 19601 377 11313 20109
7074 6985 19601 4709 20170 10171
7074 6985 19601 16576 24476 1268
7074 6985 19601 4123 14921 24892
7074 6985 19601 8871 1930 14743
7074 6985 19601 11464 29925 15968
7074 6985 19601 13862 24604 17290
7074 6985 19601 11651 19016 23953
7074 6985 19601 14815 10667 13969
7074 6985 19601 31671 9901 15544
7074 6985 19601 32640 28076 25361
7074 6985 19601 26918 1443 11488
7074 6985 19601 24836 20667 9567
7074 6985 19601 26305 7308 17812
7074 6985 19601 14043 15731 23918
5471 27559 10008 18320 18771 9914
5471 27559 10008 12242 20772 929
5471 27559 10008 27585 11219 23729
5471 27559 10008 10124 23696 13038
5471 27559 10008 27915 28352 25192
5471 27559 10008 16972 17025 12519
5471 27559 10008 27803 26883 22696
5471 27559 10008 16593 29184 13475
5471 27559 10008 28829 23987 27986
5471 27559 10008 19467 4241 17553
5471 27559 10008 11223 747 31753
5471 27559 10008 23447 19049 19175
5471 27559 10008 16963 4769 23383
5471 27559 10008 27851 14743 28320
5471 27559 10008 18501 27510 6084
5471 27559 10008 23485 21912 15760
5471 27559 10008 17282 18712 24201
5471 27559 10008 26437 32448 22909
5471 27559 10008 13346 17527 13900
5471 27559 10008 7755 12750 20367
5471 27559 10008 10148 7376 20656
5471 27559 10008 28671 2764 24314
5471 27559 10008 23591 299 24428
5471 27559 10008 21280 19710 11668
5471 27559 10008 8498 8774 14374
5471 27559 10008 20326 21113 13425
5471 27559 10008 23983 12615 23659
5471 27559 10008 13895 14664 22778
5471 27559 10008 377 11313 20109
5471 27559 10008 4709 20170 10171
5471 27559 10008 11464 29925 15968
5471 27559 10008 372 15634 7972
5471 27559 10008 13862 24604 17290
5471 27559 10008 14815 10667 13969
5471 27559 10008 25412 27984 28424
5471 27559 10008 32640 28076 25361
5471 27559 10008 10011 645 32026
5471 27559 10008 9028 5438 13189
5471 27559 10008 26126 9448 29343
5471 27559 10008 14043 15731 23918
10975 27244 17291 18320 18771 9914
10975 27244 17291 486 1007 14867
10975 27244 17291 2391 16857 24914
10975 27244 17291 19550 393 18180
10975 27244 17291 27585 11219 23729
10975 27244 17291 27915 28352 25192
10975 27244 17291 16972 17025 12519
10975 27244 17291 27803 26883 22696
10975 27244 17291 16593 29184 13475
10975 27244 17291 28829 23987 27986
10975 27244 17291 19467 4241 17553
10975 27244 17291 30194 19763 15619
10975 27244 17291 23447 19049 19175
10975 27244 17291 16963 4769 23383
10975 27244 17291 27851 14743 28320
10975 27244 17291 23485 21912 15760
10975 27244 17291 17282 18712 24201
10975 27244 17291 26726 15301 9040
10975 27244 17291 26437 32448 22909
10975 27244 17291 13346 17527 13900
10975 27244 17291 12578 15182 26659
10975 27244 17291 19790 12736 955
10975 27244 17291 7755 12750 20367
10975 27244 17291 10148 7376 20656
10975 27244 17291 28671 2764 24314
10975 27244 17291 23591 299 24428
10975 27244 17291 13302 8929 8491
10975 27244 17291 21280 19710 11668
10975 27244 17291 26872 2122 15109
10975 27244 17291 8498 8774 14374
10975 27244 17291 20326 21113 13425
10975 27244 17291 15342 4218 14384
10975 27244 17291 23983 12615 23659
10975 27244 17291 21164 3216 15837
10975 27244 17291 11843 11418 28069
10975 27244 17291 13895 14664 22778
10975 27244 17291 377 11313 20109
10975 27244 17291 4709 20170 10171
10975 27244 17291 4123 14921 24892
10975 27244 17291 8871 1930 14743
10975 27244 17291 11464 29925 15968
10975 27244 17291 372 15634 7972
10975 27244 17291 13791 2001 10429
10975 27244 17291 13862 24604 17290
10975 27244 17291 11651 19016 23953
10975 27244 17291 14815 10667 13969
10975 27244 17291 31671 9901 15544
10975 27244 17291 25412 27984 28424
10975 27244 17291 32640 28076 25361
10975 27244 17291 9028 5438 13189
10975 27244 17291 24836 20667 9567
10975 27244 17291 28700 30039 2238
10975 27244 17291 26305 7308 17812
10975 27244 17291 14043 15731 23918
10975 27244 17291 6444 11800 1354
18320 18771 9914 2391 16857 24914
18320 18771 9914 19550 393 18180
18320 18771 9914 10124 23696 13038
18320 18771 9914 16593 29184 13475
18320 18771 9914 19467 4241 17553
18320 18771 9914 30929 11393 7301
18320 18771 9914 30194 19763 15619
18320 18771 9914 16963 4769 23383
18320 18771 9914 4369 26870 24843
18320 18771 9914 30320 16047 2447
18320 18771 9914 18501 27510 6084
18320 18771 9914 23485 21912 15760
18320 18771 9914 26726 15301 9040
18320 18771 9914 22510 1994 8381
18320 18771 9914 26437 32448 22909
18320 18771 9914 13346 17527 13900
18320 18771 9914 7755 12750 20367
18320 18771 9914 10148 7376 20656
18320 18771 9914 28671 2764 24314
18320 18771 9914 23591 299 24428
18320 18771 9914 13302 8929 8491
18320 18771 9914 21280 19710 11668
18320 18771 9914 26872 2122 15109
18320 18771 9914 8498 8774 14374
18320 18771 9914 15342 4218 14384
18320 18771 9914 21164 3216 15837
18320 18771 9914 377 11313 20109
18320 18771 9914 4709 20170 10171
18320 18771 9914 8871 1930 14743
18320 18771 9914 11464 29925 15968
18320 18771 9914 13791 2001 10429
18320 18771 9914 14815 10667 13969
18320 18771 9914 31671 9901 15544
18320 18771 9914 32640 28076 25361
18320 18771 9914 26918 1443 11488
18320 18771 9914 9028 5438 13189
18320 18771 9914 24836 20667 9567
18320 18771 9914 22224 9306 1618
18320 18771 9914 26305 7308 17812
18320 18771 9914 6903 23124 2771
486 1007 14867 15908 27890 25639
486 1007 14867 2391 16857 24914
486 1007 14867 19550 393 18180
486 1007 14867 27585 11219 23729
486 1007 14867 10124 23696 13038
486 1007 14867 27915 28352 25192
486 1007 14867 16972 17025 12519
486 1007 14867 28829 23987 27986
486 1007 14867 19467 4241 17553
486 1007 14867 23447 19049 19175
486 1007 14867 16963 4769 23383
486 1007 14867 4369 26870 24843
486 1007 14867 7736 18523 28446
486 1007 14867 27851 14743 28320
486 1007 14867 23468 22065 29143
486 1007 14867 9082 20032 26249
486 1007 14867 20472 16058 30886
486 1007 14867 17282 18712 24201
486 1007 14867 22510 1994 8381
486 1007 14867 13346 17527 13900
486 1007 14867 12578 15182 26659
486 1007 14867 7755 12750 20367
486 1007 14867 10148 7376 20656
486 1007 14867 28671 2764 24314
486 1007 14867 23591 299 24428
486 1007 14867 13302 8929 8491
486 1007 14867 26872 2122 15109
486 1007 14867 8498 8774 14374
486 1007 14867 20326 21113 13425
486 1007 14867 15342 4218 14384
486 1007 14867 23983 12615 23659
486 1007 14867 21164 3216 15837
486 1007 14867 11843 11418 28069
486 1007 14867 13895 14664 22778
486 1007 14867 377 11313 20109
486 1007 14867 4709 20170 10171
486 1007 14867 4123 14921 24892
486 1007 14867 8871 1930 14743
486 1007 14867 372 15634 7972
486 1007 14867 13791 2001 10429
486 1007 14867 13862 24604 17290
486 1007 14867 11651 19016 23953
486 1007 14867 14815 10667 13969
486 1007 14867 25412 27984 28424
486 1007 14867 9028 5438 13189
486 1007 14867 26305 7308 17812
486 1007 14867 26126 9448 29343
486 1007 14867 14043 15731 23918
486 1007 14867 12935 29774 27816
15908 27890 25639 5531 5691 1747
15908 27890 25639 19550 393 18180
15908 27890 25639 19467 4241 17553
15908 27890 25639 30929 11393 7301
15908 27890 25639 30194 19763 15619
15908 27890 25639 27729 991 10168
15908 27890 25639 23447 19049 19175
15908 27890 25639 22510 1994 8381
15908 27890 25639 7755 12750 20367
15908 27890 25639 10148 7376 20656
15908 27890 25639 13302 8929 8491
15908 27890 25639 26872 2122 15109
15908 27890 25639 8498 8774 14374
15908 27890 25639 15342 4218 14384
15908 27890 25639 21164 3216 15837
15908 27890 25639 377 11313 20109
15908 27890 25639 8871 1930 14743
15908 27890 25639 372 15634 7972
15908 27890 25639 13791 2001 10429
15908 27890 25639 14815 10667 13969
15908 27890 25639 31671 9901 15544
15908 27890 25639 26918 1443 11488
15908 27890 25639 9028 5438 13189
15908 27890 25639 26305 7308 17812
5531 5691 1747 27585 11219 23729
5531 5691 1747 28829 23987 27986
5531 5691 1747 13346 17527 13900
5531 5691 1747 28671 2764 24314
5531 5691 1747 13302 8929 8491
5531 5691 1747 21164 3216 15837
5531 5691 1747 13791 2001 10429
5531 5691 1747 25412 27984 28424
2391 16857 24914 19550 393 18180
2391 16857 24914 16972 17025 12519
2391 16857 24914 16593 29184 13475
2391 16857 24914 19467 4241 17553
2391 16857 24914 30929 11393 7301
2391 16857 24914 30194 19763 15619
2391 16857 24914 27729 991 10168
2391 16857 24914 23447 19049 19175
2391 16857 24914 18501 27510 6084
2391 16857 24914 23485 21912 15760
2391 16857 24914 26726 15301 9040
2391 16857 24914 22510 1994 8381
2391 16857 24914 7755 12750 20367
2391 16857 24914 10148 7376 20656
2391 16857 24914 21280 19710 11668
2391 16857 24914 26872 2122 15109
2391 16857 24914 20326 21113 13425
2391 16857 24914 15342 4218 14384
2391 16857 24914 21164 3216 15837
2391 16857 24914 377 11313 20109
2391 16857 24914 8871 1930 14743
2391 16857 24914 11464 29925 15968
2391 16857 24914 13791 2001 10429
2391 16857 24914 13862 24604 17290
2391 16857 24914 14815 10667 13969
2391 16857 24914 31671 9901 15544
2391 16857 24914 26918 1443 11488
2391 16857 24914 9028 5438 13189
2391 16857 24914 24836 20667 9567
2391 16857 24914 26305 7308 17812
19550 393 18180 27585 11219 23729
19550 393 18180 10124 23696 13038
19550 393 18180 27915 28352 25192
19550 393 18180 16972 17025 12519
19550 393 18180 27803 26883 22696
19550 393 18180 16593 29184 13475
19550 393 18180 28829 23987 27986
19550 393 18180 19467 4241 17553
19550 393 18180 30929 11393 7301
19550 393 18180 30194 19763 15619
19550 393 18180 27729 991 10168
19550 393 18180 23447 19049 19175
19550 393 18180 1732 3906 1895
19550 393 18180 4369 26870 24843
19550 393 18180 30320 16047 2447
19550 393 18180 9082 20032 26249
19550 393 18180 23485 21912 15760
19550 393 18180 17282 18712 24201
19550 393 18180 16212 16011 3398
19550 393 18180 26726 15301 9040
19550 393 18180 26437 32448 22909
19550 393 18180 13346 17527 13900
19550 393 18180 12578 15182 26659
19550 393 18180 7755 12750 20367
19550 393 18180 10148 7376 20656
19550 393 18180 28671 2764 24314
19550 393 18180 13302 8929 8491
19550 393 18180 21280 19710 11668
19550 393 18180 26872 2122 15109
19550 393 18180 8498 8774 14374
19550 393 18180 20326 21113 13425
19550 393 18180 15342 4218 14384
19550 393 18180 23983 12615 23659
19550 393 18180 21164 3216 15837
19550 393 18180 11843 11418 28069
19550 393 18180 13895 14664 22778
19550 393 18180 377 11313 20109
19550 393 18180 4709 20170 10171
19550 393 18180 4123 14921 24892
19550 393 18180 8871 1930 14743
19550 393 18180 11464 29925 15968
19550 393 18180 372 15634 7972
19550 393 18180 13862 24604 17290
19550 393 18180 11651 19016 23953
19550 393 18180 14815 10667 13969
19550 393 18180 31671 9901 15544
19550 393 18180 32640 28076 25361
19550 393 18180 7319 12123 1667
19550 393 18180 26918 1443 11488
19550 393 18180 9028 5438 13189
19550 393 18180 24836 20667 9567
19550 393 18180 26305 7308 17812
19550 393 18180 14043 15731 23918
19550 393 18180 6444 11800 1354
19550 393 18180 12935 29774 27816
12242 20772 929 19467 4241 17553
12242 20772 929 28671 2764 24314
27585 11219 23729 10124 23696 13038
27585 11219 23729 16972 17025 12519
27585 11219 23729 16593 29184 13475
27585 11219 23729 19467 4241 17553
27585 11219 23729 30194 19763 15619
27585 11219 23729 23447 19049 19175
27585 11219 23729 18501 27510 6084
27585 11219 23729 23485 21912 15760
27585 11219 23729 13346 17527 13900
27585 11219 23729 7755 12750 20367
27585 11219 23729 10148 7376 20656
27585 11219 23729 6109 809 819
27585 11219 23729 26872 2122 15109
27585 11219 23729 8498 8774 14374
27585 11219 23729 20326 21113 13425
27585 11219 23729 15342 4218 14384
27585 11219 23729 21164 3216 15837
27585 11219 23729 377 11313 20109
27585 11219 23729 4709 20170 10171
27585 11219 23729 8871 1930 14743
27585 11219 23729 11464 29925 15968
27585 11219 23729 372 15634 7972
27585 11219 23729 13791 2001 10429
27585 11219 23729 13862 24604 17290
27585 11219 23729 14815 10667 13969
27585 11219 23729 9028 5438 13189
27585 11219 23729 6903 23124 2771
10124 23696 13038 27915 28352 25192
10124 23696 13038 16972 17025 12519
10124 23696 13038 27803 26883 22696
10124 23696 13038 16593 29184 13475
10124 23696 13038 28829 23987 27986
10124 23696 13038 19467 4241 17553
10124 23696 13038 30194 19763 15619
10124 23696 13038 11223 747 31753
10124 23696 13038 23447 19049 19175
10124 23696 13038 16963 4769 23383
10124 23696 13038 27851 14743 28320
10124 23696 13038 18501 27510 6084
10124 23696 13038 23485 21912 15760
10124 23696 13038 16212 16011 3398
10124 23696 13038 26726 15301 9040
10124 23696 13038 26437 32448 22909
10124 23696 13038 13346 17527 13900
10124 23696 13038 7755 12750 20367
10124 23696 13038 10148 7376 20656
10124 23696 13038 28671 2764 24314
10124 23696 13038 23591 299 24428
10124 23696 13038 13302 8929 8491
10124 23696 13038 21280 19710 11668
10124 23696 13038 26872 2122 15109
10124 23696 13038 8498 8774 14374
10124 23696 13038 20326 21113 13425
10124 23696 13038 15342 4218 14384
10124 23696 13038 23983 12615 23659
10124 23696 13038 21164 3216 15837
10124 23696 13038 13895 14664 22778
10124 23696 13038 377 11313 20109
10124 23696 13038 4709 20170 10171
10124 23696 13038 8871 1930 14743
10124 23696 13038 11464 29925 15968
10124 23696 13038 372 15634 7972
10124 23696 13038 13791 2001 10429
10124 23696 13038 14815 10667 13969
10124 23696 13038 31671 9901 15544
10124 23696 13038 25412 27984 28424
10124 23696 13038 32640 28076 25361
10124 23696 13038 10011 645 32026
10124 23696 13038 7319 12123 1667
10124 23696 13038 9028 5438 13189
10124 23696 13038 24836 20667 9567
10124 23696 13038 26305 7308 17812
10124 23696 13038 26126 9448 29343
10124 23696 13038 6444 11800 1354
27915 28352 25192 16972 17025 12519
27915 28352 25192 19467 4241 17553
27915 28352 25192 27729 991 10168
27915 28352 25192 23447 19049 19175
27915 28352 25192 3285 25011 3130
27915 28352 25192 22510 1994 8381
27915 28352 25192 13346 17527 13900
27915 28352 25192 7755 12750 20367
27915 28352 25192 10148 7376 20656
27915 28352 25192 13302 8929 8491
27915 28352 25192 26872 2122 15109
27915 28352 25192 8498 8774 14374
27915 28352 25192 15342 4218 14384
27915 28352 25192 21164 3216 15837
27915 28352 25192 377 11313 20109
27915 28352 25192 4709 20170 10171
27915 28352 25192 8871 1930 14743
27915 28352 25192 11464 29925 15968
27915 28352 25192 372 15634 7972
27915 28352 25192 13791 2001 10429
27915 28352 25192 13862 24604 17290
27915 28352 25192 14815 10667 13969
27915 28352 25192 31671 9901 15544
27915 28352 25192 7319 12123 1667
27915 28352 25192 26918 1443 11488
27915 28352 25192 9028 5438 13189
27915 28352 25192 26305 7308 17812
16972 17025 12519 27803 26883 22696
16972 17025 12519 16593 29184 13475
16972 17025 12519 19467 4241 17553
16972 17025 12519 30929 11393 7301
16972 17025 12519 30194 19763 15619
16972 17025 12519 27729 991 10168
16972 17025 12519 23447 19049 19175
16972 17025 12519 16963 4769 23383
16972 17025 12519 4369 26870 24843
16972 17025 12519 30320 16047 2447
16972 17025 12519 18501 27510 6084
16972 17025 12519 23485 21912 15760
16972 17025 12519 26726 15301 9040
16972 17025 12519 22510 1994 8381
16972 17025 12519 26437 32448 22909
16972 17025 12519 13346 17527 13900
16972 17025 12519 7755 12750 20367
16972 17025 12519 10148 7376 20656
16972 17025 12519 28671 2764 24314
16972 17025 12519 23591 299 24428
16972 17025 12519 13302 8929 8491
16972 17025 12519 21280 19710 11668
16972 17025 12519 26872 2122 15109
16972 17025 12519 8498 8774 14374
16972 17025 12519 20326 21113 13425
16972 17025 12519 15342 4218 14384
16972 17025 12519 21164 3216 15837
16972 17025 12519 377 11313 20109
16972 17025 12519 4709 20170 10171
16972 17025 12519 4123 14921 24892
16972 17025 12519 8871 1930 14743
16972 17025 12519 11464 29925 15968
16972 17025 12519 372 15634 7972
16972 17025 12519 13791 2001 10429
16972 17025 12519 13862 24604 17290
16972 17025 12519 14815 10667 13969
16972 17025 12519 31671 9901 15544
16972 17025 12519 32640 28076 25361
16972 17025 12519 26918 1443 11488
16972 17025 12519 9028 5438 13189
16972 17025 12519 24836 20667 9567
16972 17025 12519 26305 7308 17812
16972 17025 12519 6903 23124 2771
16972 17025 12519 6444 11800 1354
27803 26883 22696 16593 29184 13475
27803 26883 22696 19467 4241 17553
27803 26883 22696 30929 11393 7301
27803 26883 22696 30194 19763 15619
27803 26883 22696 27729 991 10168
27803 26883 22696 23447 19049 19175
27803 26883 22696 16963 4769 23383
27803 26883 22696 3285 25011 3130
27803 26883 22696 22510 1994 8381
27803 26883 22696 26437 32448 22909
27803 26883 22696 13346 17527 13900
27803 26883 22696 7755 12750 20367
27803 26883 22696 10148 7376 20656
27803 26883 22696 13302 8929 8491
27803 26883 22696 26872 2122 15109
27803 26883 22696 8498 8774 14374
27803 26883 22696 20326 21113 13425
27803 26883 22696 15342 4218 14384
27803 26883 22696 21164 3216 15837
27803 26883 22696 13895 14664 22778
27803 26883 22696 377 11313 20109
27803 26883 22696 4709 20170 10171
27803 26883 22696 8871 1930 14743
27803 26883 22696 11464 29925 15968
27803 26883 22696 372 15634 7972
27803 26883 22696 13791 2001 10429
27803 26883 22696 13862 24604 17290
27803 26883 22696 14815 10667 13969
27803 26883 22696 31671 9901 15544
27803 26883 22696 26918 1443 11488
27803 26883 22696 9028 5438 13189
27803 26883 22696 26305 7308 17812
27803 26883 22696 6903 23124 2771
16593 29184 13475 19467 4241 17553
16593 29184 13475 30194 19763 15619
16593 29184 13475 11223 747 31753
16593 29184 13475 23447 19049 19175
16593 29184 13475 16963 4769 23383
16593 29184 13475 4369 26870 24843
16593 29184 13475 27851 14743 28320
16593 29184 13475 3285 25011 3130
16593 29184 13475 23485 21912 15760
16593 29184 13475 16212 16011 3398
16593 29184 13475 26726 15301 9040
16593 29184 13475 26437 32448 22909
16593 29184 13475 13346 17527 13900
16593 29184 13475 17802 16905 1156
16593 29184 13475 12578 15182 26659
16593 29184 13475 7755 12750 20367
16593 29184 13475 10148 7376 20656
16593 29184 13475 28671 2764 24314
16593 29184 13475 23591 299 24428
16593 29184 13475 13302 8929 8491
16593 29184 13475 21280 19710 11668
16593 29184 13475 8498 8774 14374
16593 29184 13475 20326 21113 13425
16593 29184 13475 15342 4218 14384
16593 29184 13475 23983 12615 23659
16593 29184 13475 21164 3216 15837
16593 29184 13475 11843 11418 28069
16593 29184 13475 13895 14664 22778
16593 29184 13475 377 11313 20109
16593 29184 13475 4709 20170 10171
16593 29184 13475 4123 14921 24892
16593 29184 13475 11464 29925 15968
16593 29184 13475 372 15634 7972
16593 29184 13475 13862 24604 17290
16593 29184 13475 11651 19016 23953
16593 29184 13475 14815 10667 13969
16593 29184 13475 31671 9901 15544
16593 29184 13475 32640 28076 25361
16593 29184 13475 10011 645 32026
16593 29184 13475 9028 5438 13189
16593 29184 13475 24836 20667 9567
16593 29184 13475 28700 30039 2238
16593 29184 13475 26305 7308 17812
16593 29184 13475 6903 23124 2771
16593 29184 13475 26126 9448 29343
16593 29184 13475 14043 15731 23918
28829 23987 27986 19467 4241 17553
28829 23987 27986 27729 991 10168
28829 23987 27986 3285 25011 3130
28829 23987 27986 22510 1994 8381
28829 23987 27986 13346 17527 13900
28829 23987 27986 13302 8929 8491
28829 23987 27986 26872 2122 15109
28829 23987 27986 8498 8774 14374
28829 23987 27986 15342 4218 14384
28829 23987 27986 21164 3216 15837
28829 23987 27986 4709 20170 10171
28829 23987 27986 8871 1930 14743
28829 23987 27986 11464 29925 15968
28829 23987 27986 372 15634 7972
28829 23987 27986 13791 2001 10429
28829 23987 27986 13862 24604 17290
28829 23987 27986 14815 10667 13969
28829 23987 27986 31671 9901 15544
28829 23987 27986 26918 1443 11488
28829 23987 27986 9028 5438 13189
28829 23987 27986 26305 7308 17812
19467 4241 17553 30929 11393 7301
19467 4241 17553 30194 19763 15619
19467 4241 17553 27729 991 10168
19467 4241 17553 23447 19049 19175
19467 4241 17553 1732 3906 1895
19467 4241 17553 4369 26870 24843
19467 4241 17553 7736 18523 28446
19467 4241 17553 27851 14743 28320
19467 4241 17553 30320 16047 2447
19467 4241 17553 18501 27510 6084
19467 4241 17553 9082 20032 26249
19467 4241 17553 23485 21912 15760
19467 4241 17553 17282 18712 24201
19467 4241 17553 26726 15301 9040
19467 4241 17553 26437 32448 22909
19467 4241 17553 13346 17527 13900
19467 4241 17553 12578 15182 26659
19467 4241 17553 7755 12750 20367
19467 4241 17553 10148 7376 20656
19467 4241 17553 28671 2764 24314
19467 4241 17553 21280 19710 11668
19467 4241 17553 26872 2122 15109
19467 4241 17553 8498 8774 14374
19467 4241 17553 20326 21113 13425
19467 4241 17553 15342 4218 14384
19467 4241 17553 23983 12615 23659
19467 4241 17553 21164 3216 15837
19467 4241 17553 13895 14664 22778
19467 4241 17553 377 11313 20109
19467 4241 17553 4709 20170 10171
19467 4241 17553 4123 14921 24892
19467 4241 17553 8871 1930 14743
19467 4241 17553 11464 29925 15968
19467 4241 17553 372 15634 7972
19467 4241 17553 13862 24604 17290
19467 4241 17553 11651 19016 23953
19467 4241 17553 14815 10667 13969
19467 4241 17553 31671 9901 15544
19467 4241 17553 25412 27984 28424
19467 4241 17553 32640 28076 25361
19467 4241 17553 26918 1443 11488
19467 4241 17553 9028 5438 13189
19467 4241 17553 24836 20667 9567
19467 4241 17553 26305 7308 17812
19467 4241 17553 14043 15731 23918
19467 4241 17553 12935 29774 27816
30929 11393 7301 30194 19763 15619
30929 11393 7301 27729 991 10168
30929 11393 7301 4369 26870 24843
30929 11393 7301 7736 18523 28446
30929 11393 7301 9082 20032 26249
30929 11393 7301 23485 21912 15760
30929 11393 7301 2117 22209 31776
30929 11393 7301 26726 15301 9040
30929 11393 7301 22510 1994 8381
30929 11393 7301 26437 32448 22909
30929 11393 7301 13346 17527 13900
30929 11393 7301 7755 12750 20367
30929 11393 7301 10148 7376 20656
30929 11393 7301 21280 19710 11668
30929 11393 7301 26872 2122 15109
30929 11393 7301 20326 21113 13425
30929 11393 7301 15342 4218 14384
30929 11393 7301 21164 3216 15837
30929 11393 7301 13895 14664 22778
30929 11393 7301 4123 14921 24892
30929 11393 7301 13862 24604 17290
30929 11393 7301 11651 19016 23953
30929 11393 7301 14815 10667 13969
30929 11393 7301 26918 1443 11488
30929 11393 7301 24836 20667 9567
30929 11393 7301 14043 15731 23918
30929 11393 7301 12935 29774 27816
30194 19763 15619 27729 991 10168
30194 19763 15619 23447 19049 19175
30194 19763 15619 16963 4769 23383
30194 19763 15619 4369 26870 24843
30194 19763 15619 7736 18523 28446
30194 19763 15619 18501 27510 6084
30194 19763 15619 9082 20032 26249
30194 19763 15619 23485 21912 15760
30194 19763 15619 17282 18712 24201
30194 19763 15619 16212 16011 3398
30194 19763 15619 22510 1994 8381
30194 19763 15619 26437 32448 22909
30194 19763 15619 13346 17527 13900
30194 19763 15619 12578 15182 26659
30194 19763 15619 7755 12750 20367
30194 19763 15619 10148 7376 20656
30194 19763 15619 28671 2764 24314
30194 19763 15619 23591 299 24428
30194 19763 15619 13302 8929 8491
30194 19763 15619 21280 19710 11668
30194 19763 15619 26872 2122 15109
30194 19763 15619 8498 8774 14374
30194 19763 15619 20326 21113 13425
30194 19763 15619 15342 4218 14384
30194 19763 15619 23983 12615 23659
30194 19763 15619 21164 3216 15837
30194 19763 15619 11843 11418 28069
30194 19763 15619 13895 14664 22778
30194 19763 15619 377 11313 20109
30194 19763 15619 4709 20170 10171
30194 19763 15619 16576 24476 1268
30194 19763 15619 4123 14921 24892
30194 19763 15619 8871 1930 14743
30194 19763 15619 11464 29925 15968
30194 19763 15619 13791 2001 10429
30194 19763 15619 13862 24604 17290
30194 19763 15619 11651 19016 23953
30194 19763 15619 14815 10667 13969
30194 19763 15619 31671 9901 15544
30194 19763 15619 26918 1443 11488
30194 19763 15619 9028 5438 13189
30194 19763 15619 26305 7308 17812
30194 19763 15619 14043 15731 23918
30194 19763 15619 12935 29774 27816
27729 991 10168 23447 19049 19175
27729 991 10168 4369 26870 24843
27729 991 10168 7736 18523 28446
27729 991 10168 23468 22065 29143
27729 991 10168 9082 20032 26249
27729 991 10168 23485 21912 15760
27729 991 10168 2117 22209 31776
27729 991 10168 17282 18712 24201
27729 991 10168 26726 15301 9040
27729 991 10168 22510 1994 8381
27729 991 10168 26437 32448 22909
27729 991 10168 13346 17527 13900
27729 991 10168 12578 15182 26659
27729 991 10168 7755 12750 20367
27729 991 10168 10148 7376 20656
27729 991 10168 13302 8929 8491
27729 991 10168 21280 19710 11668
27729 991 10168 8498 8774 14374
27729 991 10168 20326 21113 13425
27729 991 10168 15342 4218 14384
27729 991 10168 21164 3216 15837
27729 991 10168 11843 11418 28069
27729 991 10168 13895 14664 22778
27729 991 10168 377 11313 20109
27729 991 10168 4123 14921 24892
27729 991 10168 8871 1930 14743
27729 991 10168 13791 2001 10429
27729 991 10168 13862 24604 17290
27729 991 10168 11651 19016 23953
27729 991 10168 14815 10667 13969
27729 991 10168 31671 9901 15544
27729 991 10168 25412 27984 28424
27729 991 10168 32640 28076 25361
27729 991 10168 9028 5438 13189
27729 991 10168 22224 9306 1618
27729 991 10168 14043 15731 23918
27729 991 10168 12935 29774 27816
11223 747 31753 18501 27510 6084
11223 747 31753 32367 26135 2506
11223 747 31753 21280 19710 11668
11223 747 31753 20326 21113 13425
11223 747 31753 24836 20667 9567
23447 19049 19175 16963 4769 23383
23447 19049 19175 4369 26870 24843
23447 19049 19175 9082 20032 26249
23447 19049 19175 3285 25011 3130
23447 19049 19175 17282 18712 24201
23447 19049 19175 22510 1994 8381
23447 19049 19175 26437 32448 22909
23447 19049 19175 13346 17527 13900
23447 19049 19175 12578 15182 26659
23447 19049 19175 7755 12750 20367
23447 19049 19175 10148 7376 20656
23447 19049 19175 28671 2764 24314
23447 19049 19175 23591 299 24428
23447 19049 19175 13302 8929 8491
23447 19049 19175 26872 2122 15109
23447 19049 19175 8498 8774 14374
23447 19049 19175 15342 4218 14384
23447 19049 19175 23983 12615 23659
23447 19049 19175 21164 3216 15837
23447 19049 19175 13895 14664 22778
23447 19049 19175 377 11313 20109
23447 19049 19175 4709 20170 10171
23447 19049 19175 4123 14921 24892
23447 19049 19175 8871 1930 14743
23447 19049 19175 11464 29925 15968
23447 19049 19175 372 15634 7972
23447 19049 19175 13791 2001 10429
23447 19049 19175 13862 24604 17290
23447 19049 19175 11651 19016 23953
23447 19049 19175 14815 10667 13969
23447 19049 19175 31671 9901 15544
23447 19049 19175 32640 28076 25361
23447 19049 19175 7319 12123 1667
23447 19049 19175 26918 1443 11488
23447 19049 19175 9028 5438 13189
23447 19049 19175 26305 7308 17812
23447 19049 19175 6903 23124 2771
23447 19049 19175 14043 15731 23918
23447 19049 19175 6444 11800 1354
16963 4769 23383 18501 27510 6084
16963 4769 23383 3285 25011 3130
16963 4769 23383 23485 21912 15760
16963 4769 23383 26726 15301 9040
16963 4769 23383 26437 32448 22909
16963 4769 23383 13346 17527 13900
16963 4769 23383 7755 12750 20367
16963 4769 23383 10148 7376 20656
16963 4769 23383 21280 19710 11668
16963 4769 23383 26872 2122 15109
16963 4769 23383 8498 8774 14374
16963 4769 23383 20326 21113 13425
16963 4769 23383 13895 14664 22778
16963 4769 23383 377 11313 20109
16963 4769 23383 4709 20170 10171
16963 4769 23383 11464 29925 15968
16963 4769 23383 372 15634 7972
16963 4769 23383 13862 24604 17290
16963 4769 23383 31671 9901 15544
16963 4769 23383 24836 20667 9567
16963 4769 23383 26305 7308 17812
16963 4769 23383 6903 23124 2771
31801 28475 294 32367 26135 2506
31801 28475 294 20326 21113 13425
31801 28475 294 13895 14664 22778
1732 3906 1895 4369 26870 24843
1732 3906 1895 27851 14743 28320
1732 3906 1895 23468 22065 29143
1732 3906 1895 15342 4218 14384
1732 3906 1895 23983 12615 23659
1732 3906 1895 13791 2001 10429
1732 3906 1895 14815 10667 13969
1732 3906 1895 12935 29774 27816
4369 26870 24843 23485 21912 15760
4369 26870 24843 26726 15301 9040
4369 26870 24843 22510 1994 8381
4369 26870 24843 13346 17527 13900
4369 26870 24843 7755 12750 20367
4369 26870 24843 10148 7376 20656
4369 26870 24843 13302 8929 8491
4369 26870 24843 21280 19710 11668
4369 26870 24843 26872 2122 15109
4369 26870 24843 8498 8774 14374
4369 26870 24843 20326 21113 13425
4369 26870 24843 15342 4218 14384
4369 26870 24843 21164 3216 15837
4369 26870 24843 377 11313 20109
4369 26870 24843 8871 1930 14743
4369 26870 24843 13791 2001 10429
4369 26870 24843 13862 24604 17290
4369 26870 24843 14815 10667 13969
4369 26870 24843 31671 9901 15544
4369 26870 24843 26918 1443 11488
4369 26870 24843 9028 5438 13189
4369 26870 24843 24836 20667 9567
4369 26870 24843 22224 9306 1618
4369 26870 24843 28700 30039 2238
4369 26870 24843 26305 7308 17812
7736 18523 28446 23485 21912 15760
7736 18523 28446 22510 1994 8381
7736 18523 28446 26872 2122 15109
7736 18523 28446 15342 4218 14384
7736 18523 28446 21164 3216 15837
7736 18523 28446 8871 1930 14743
7736 18523 28446 31671 9901 15544
7736 18523 28446 26918 1443 11488
7736 18523 28446 26305 7308 17812
27851 14743 28320 3285 25011 3130
27851 14743 28320 13346 17527 13900
27851 14743 28320 8498 8774 14374
27851 14743 28320 15342 4218 14384
27851 14743 28320 21164 3216 15837
27851 14743 28320 4709 20170 10171
27851 14743 28320 8871 1930 14743
27851 14743 28320 11464 29925 15968
27851 14743 28320 372 15634 7972
27851 14743 28320 13791 2001 10429
27851 14743 28320 13862 24604 17290
27851 14743 28320 9028 5438 13189
30320 16047 2447 7755 12750 20367
30320 16047 2447 10148 7376 20656
30320 16047 2447 21280 19710 11668
30320 16047 2447 26872 2122 15109
30320 16047 2447 20326 21113 13425
30320 16047 2447 21164 3216 15837
30320 16047 2447 4123 14921 24892
30320 16047 2447 13862 24604 17290
30320 16047 2447 14815 10667 13969
30320 16047 2447 24836 20667 9567
13834 24958 988 18501 27510 6084
13834 24958 988 377 11313 20109
13834 24958 988 4709 20170 10171
13834 24958 988 14815 10667 13969
18501 27510 6084 26726 15301 9040
18501 27510 6084 13346 17527 13900
18501 27510 6084 7755 12750 20367
18501 27510 6084 10148 7376 20656
18501 27510 6084 28671 2764 24314
18501 27510 6084 23591 299 24428
18501 27510 6084 21280 19710 11668
18501 27510 6084 377 11313 20109
18501 27510 6084 4709 20170 10171
18501 27510 6084 4123 14921 24892
18501 27510 6084 14815 10667 13969
18501 27510 6084 10011 645 32026
18501 27510 6084 24836 20667 9567
18501 27510 6084 26305 7308 17812
23468 22065 29143 26872 2122 15109
23468 22065 29143 8498 8774 14374
23468 22065 29143 15342 4218 14384
23468 22065 29143 21164 3216 15837
23468 22065 29143 8871 1930 14743
23468 22065 29143 11464 29925 15968
23468 22065 29143 372 15634 7972
23468 22065 29143 13791 2001 10429
23468 22065 29143 31671 9901 15544
23468 22065 29143 26918 1443 11488
23468 22065 29143 9028 5438 13189
9082 20032 26249 23485 21912 15760
9082 20032 26249 26726 15301 9040
9082 20032 26249 22510 1994 8381
9082 20032 26249 32367 26135 2506
9082 20032 26249 26872 2122 15109
9082 20032 26249 15342 4218 14384
9082 20032 26249 21164 3216 15837
9082 20032 26249 8871 1930 14743
9082 20032 26249 13791 2001 10429
9082 20032 26249 31671 9901 15544
9082 20032 26249 26918 1443 11488
9082 20032 26249 9028 5438 13189
9082 20032 26249 26305 7308 17812
3285 25011 3130 26437 32448 22909
3285 25011 3130 13346 17527 13900
3285 25011 3130 10148 7376 20656
3285 25011 3130 8498 8774 14374
3285 25011 3130 23983 12615 23659
3285 25011 3130 372 15634 7972
3285 25011 3130 6903 23124 2771
3285 25011 3130 26126 9448 29343
20472 16058 30886 8871 1930 14743
23485 21912 15760 26726 15301 9040
23485 21912 15760 22510 1994 8381
23485 21912 15760 26437 32448 22909
23485 21912 15760 13346 17527 13900
23485 21912 15760 12578 15182 26659
23485 21912 15760 7755 12750 20367
23485 21912 15760 10148 7376 20656
23485 21912 15760 28671 2764 24314
23485 21912 15760 23591 299 24428
23485 21912 15760 13302 8929 8491
23485 21912 15760 26872 2122 15109
23485 21912 15760 8498 8774 14374
23485 21912 15760 20326 21113 13425
23485 21912 15760 15342 4218 14384
23485 21912 15760 23983 12615 23659
23485 21912 15760 21164 3216 15837
23485 21912 15760 11843 11418 28069
23485 21912 15760 13895 14664 22778
23485 21912 15760 377 11313 20109
23485 21912 15760 4709 20170 10171
23485 21912 15760 4123 14921 24892
23485 21912 15760 8871 1930 14743
23485 21912 15760 11464 29925 15968
23485 21912 15760 13791 2001 10429
23485 21912 15760 13862 24604 17290
23485 21912 15760 11651 19016 23953
23485 21912 15760 14815 10667 13969
23485 21912 15760 31671 9901 15544
23485 21912 15760 32640 28076 25361
23485 21912 15760 26918 1443 11488
23485 21912 15760 9028 5438 13189
23485 21912 15760 26305 7308 17812
23485 21912 15760 6903 23124 2771
23485 21912 15760 14043 15731 23918
23485 21912 15760 12935 29774 27816
2117 22209 31776 26726 15301 9040
2117 22209 31776 22510 1994 8381
2117 22209 31776 32367 26135 2506
2117 22209 31776 15342 4218 14384
2117 22209 31776 13791 2001 10429
2117 22209 31776 26918 1443 11488
2117 22209 31776 24836 20667 9567
17282 18712 24201 22510 1994 8381
17282 18712 24201 7755 12750 20367
17282 18712 24201 10148 7376 20656
17282 18712 24201 26872 2122 15109
17282 18712 24201 8498 8774 14374
17282 18712 24201 15342 4218 14384
17282 18712 24201 21164 3216 15837
17282 18712 24201 377 11313 20109
17282 18712 24201 8871 1930 14743
17282 18712 24201 11464 29925 15968
17282 18712 24201 372 15634 7972
17282 18712 24201 13791 2001 10429
17282 18712 24201 31671 9901 15544
17282 18712 24201 26918 1443 11488
17282 18712 24201 9028 5438 13189
17282 18712 24201 26305 7308 17812
16212 16011 3398 26726 15301 9040
16212 16011 3398 13302 8929 8491
16212 16011 3398 26872 2122 15109
16212 16011 3398 15342 4218 14384
16212 16011 3398 21164 3216 15837
16212 16011 3398 4709 20170 10171
16212 16011 3398 8871 1930 14743
16212 16011 3398 11464 29925 15968
16212 16011 3398 31671 9901 15544
16212 16011 3398 9028 5438 13189
16212 16011 3398 24836 20667 9567
26726 15301 9040 22510 1994 8381
26726 15301 9040 26437 32448 22909
26726 15301 9040 13346 17527 13900
26726 15301 9040 17802 16905 1156
26726 15301 9040 7755 12750 20367
26726 15301 9040 10148 7376 20656
26726 15301 9040 13302 8929 8491
26726 15301 9040 21280 19710 11668
26726 15301 9040 26872 2122 15109
26726 15301 9040 8498 8774 14374
26726 15301 9040 20326 21113 13425
26726 15301 9040 15342 4218 14384
26726 15301 9040 21164 3216 15837
26726 15301 9040 377 11313 20109
26726 15301 9040 4123 14921 24892
26726 15301 9040 8871 1930 14743
26726 15301 9040 11464 29925 15968
26726 15301 9040 13791 2001 10429
26726 15301 9040 13862 24604 17290
26726 15301 9040 11651 19016 23953
26726 15301 9040 14815 10667 13969
26726 15301 9040 31671 9901 15544
26726 15301 9040 26918 1443 11488
26726 15301 9040 9028 5438 13189
26726 15301 9040 24836 20667 9567
26726 15301 9040 22224 9306 1618
26726 15301 9040 12935 29774 27816
22510 1994 8381 26437 32448 22909
22510 1994 8381 13346 17527 13900
22510 1994 8381 7755 12750 20367
22510 1994 8381 10148 7376 20656
22510 1994 8381 13302 8929 8491
22510 1994 8381 21280 19710 11668
22510 1994 8381 8498 8774 14374
22510 1994 8381 20326 21113 13425
22510 1994 8381 15342 4218 14384
22510 1994 8381 13895 14664 22778
22510 1994 8381 377 11313 20109
22510 1994 8381 4123 14921 24892
22510 1994 8381 8871 1930 14743
22510 1994 8381 13791 2001 10429
22510 1994 8381 13862 24604 17290
22510 1994 8381 11651 19016 23953
22510 1994 8381 14815 10667 13969
22510 1994 8381 31671 9901 15544
22510 1994 8381 25412 27984 28424
22510 1994 8381 32640 28076 25361
22510 1994 8381 26918 1443 11488
22510 1994 8381 9028 5438 13189
22510 1994 8381 22224 9306 1618
22510 1994 8381 14043 15731 23918
22510 1994 8381 12935 29774 27816
26437 32448 22909 13346 17527 13900
26437 32448 22909 7755 12750 20367
26437 32448 22909 10148 7376 20656
26437 32448 22909 13302 8929 8491
26437 32448 22909 21280 19710 11668
26437 32448 22909 26872 2122 15109
26437 32448 22909 8498 8774 14374
26437 32448 22909 20326 21113 13425
26437 32448 22909 15342 4218 14384
26437 32448 22909 21164 3216 15837
26437 32448 22909 13895 14664 22778
26437 32448 22909 377 11313 20109
26437 32448 22909 4709 20170 10171
26437 32448 22909 8871 1930 14743
26437 32448 22909 11464 29925 15968
26437 32448 22909 13791 2001 10429
26437 32448 22909 13862 24604 17290
26437 32448 22909 14815 10667 13969
26437 32448 22909 31671 9901 15544
26437 32448 22909 26918 1443 11488
26437 32448 22909 9028 5438 13189
26437 32448 22909 22224 9306 1618
26437 32448 22909 26305 7308 17812
26437 32448 22909 6903 23124 2771
32367 26135 2506 28671 2764 24314
32367 26135 2506 21280 19710 11668
32367 26135 2506 20326 21113 13425
32367 26135 2506 13895 14664 22778
32367 26135 2506 13862 24604 17290
32367 26135 2506 11651 19016 23953
32367 26135 2506 31671 9901 15544
32367 26135 2506 10011 645 32026
32367 26135 2506 24836 20667 9567
32367 26135 2506 26305 7308 17812
13346 17527 13900 7755 12750 20367
13346 17527 13900 10148 7376 20656
13346 17527 13900 28671 2764 24314
13346 17527 13900 23591 299 24428
13346 17527 13900 13302 8929 8491
13346 17527 13900 21280 19710 11668
13346 17527 13900 26872 2122 15109
13346 17527 13900 8498 8774 14374
13346 17527 13900 20326 21113 13425
13346 17527 13900 15342 4218 14384
13346 17527 13900 23983 12615 23659
13346 17527 13900 21164 3216 15837
13346 17527 13900 377 11313 20109
13346 17527 13900 4709 20170 10171
13346 17527 13900 8871 1930 14743
13346 17527 13900 11464 29925 15968
13346 17527 13900 372 15634 7972
13346 17527 13900 13791 2001 10429
13346 17527 13900 13862 24604 17290
13346 17527 13900 14815 10667 13969
13346 17527 13900 31671 9901 15544
13346 17527 13900 25412 27984 28424
13346 17527 13900 32640 28076 25361
13346 17527 13900 26918 1443 11488
13346 17527 13900 9028 5438 13189
13346 17527 13900 24836 20667 9567
13346 17527 13900 26305 7308 17812
17802 16905 1156 13302 8929 8491
17802 16905 1156 31671 9901 15544
12578 15182 26659 26872 2122 15109
12578 15182 26659 21164 3216 15837
12578 15182 26659 8871 1930 14743
12578 15182 26659 11464 29925 15968
12578 15182 26659 13862 24604 17290
12578 15182 26659 31671 9901 15544
12578 15182 26659 26918 1443 11488
12578 15182 26659 26305 7308 17812
19790 12736 955 377 11313 20109
19790 12736 955 8871 1930 14743
19790 12736 955 9028 5438 13189
19790 12736 955 24836 20667 9567
7755 12750 20367 10148 7376 20656
7755 12750 20367 28671 2764 24314
7755 12750 20367 23591 299 24428
7755 12750 20367 21280 19710 11668
7755 12750 20367 26872 2122 15109
7755 12750 20367 20326 21113 13425
7755 12750 20367 15342 4218 14384
7755 12750 20367 23983 12615 23659
7755 12750 20367 21164 3216 15837
7755 12750 20367 13895 14664 22778
7755 12750 20367 377 11313 20109
7755 12750 20367 8871 1930 14743
7755 12750 20367 11464 29925 15968
7755 12750 20367 13791 2001 10429
7755 12750 20367 13862 24604 17290
7755 12750 20367 11651 19016 23953
7755 12750 20367 14815 10667 13969
7755 12750 20367 31671 9901 15544
7755 12750 20367 32640 28076 25361
7755 12750 20367 26918 1443 11488
7755 12750 20367 9028 5438 13189
7755 12750 20367 24836 20667 9567
7755 12750 20367 26305 7308 17812
7755 12750 20367 14043 15731 23918
10148 7376 20656 28671 2764 24314
10148 7376 20656 23591 299 24428
10148 7376 20656 21280 19710 11668
10148 7376 20656 26872 2122 15109
10148 7376 20656 20326 21113 13425
10148 7376 20656 23983 12615 23659
10148 7376 20656 21164 3216 15837
10148 7376 20656 13895 14664 22778
10148 7376 20656 377 11313 20109
10148 7376 20656 4709 20170 10171
10148 7376 20656 4123 14921 24892
10148 7376 20656 11464 29925 15968
10148 7376 20656 372 15634 7972
10148 7376 20656 13862 24604 17290
10148 7376 20656 11651 19016 23953
10148 7376 20656 31671 9901 15544
10148 7376 20656 32640 28076 25361
10148 7376 20656 26918 1443 11488
10148 7376 20656 24836 20667 9567
10148 7376 20656 25722 20969 90
10148 7376 20656 26305 7308 17812
10148 7376 20656 14043 15731 23918
6109 809 819 21164 3216 15837
6109 809 819 14815 10667 13969
28671 2764 24314 13302 8929 8491
28671 2764 24314 21280 19710 11668
28671 2764 24314 8498 8774 14374
28671 2764 24314 20326 21113 13425
28671 2764 24314 15342 4218 14384
28671 2764 24314 377 11313 20109
28671 2764 24314 4709 20170 10171
28671 2764 24314 16576 24476 1268
28671 2764 24314 8871 1930 14743
28671 2764 24314 11464 29925 15968
28671 2764 24314 372 15634 7972
28671 2764 24314 13791 2001 10429
28671 2764 24314 13862 24604 17290
28671 2764 24314 14815 10667 13969
28671 2764 24314 7319 12123 1667
28671 2764 24314 9028 5438 13189
28671 2764 24314 24836 20667 9567
28671 2764 24314 6444 11800 1354
23591 299 24428 21280 19710 11668
23591 299 24428 8498 8774 14374
23591 299 24428 20326 21113 13425
23591 299 24428 377 11313 20109
23591 299 24428 4709 20170 10171
23591 299 24428 16576 24476 1268
23591 299 24428 8871 1930 14743
23591 299 24428 11464 29925 15968
23591 299 24428 372 15634 7972
23591 299 24428 13862 24604 17290
23591 299 24428 14815 10667 13969
23591 299 24428 31671 9901 15544
23591 299 24428 9028 5438 13189
23591 299 24428 24836 20667 9567
23591 299 24428 26305 7308 17812
13302 8929 8491 21280 19710 11668
13302 8929 8491 26872 2122 15109
13302 8929 8491 20326 21113 13425
13302 8929 8491 21164 3216 15837
13302 8929 8491 377 11313 20109
13302 8929 8491 4709 20170 10171
13302 8929 8491 8871 1930 14743
13302 8929 8491 11464 29925 15968
13302 8929 8491 372 15634 7972
13302 8929 8491 13791 2001 10429
13302 8929 8491 13862 24604 17290
13302 8929 8491 31671 9901 15544
13302 8929 8491 25412 27984 28424
13302 8929 8491 32640 28076 25361
13302 8929 8491 26918 1443 11488
13302 8929 8491 9028 5438 13189
13302 8929 8491 24836 20667 9567
13302 8929 8491 22224 9306 1618
13302 8929 8491 26305 7308 17812
13302 8929 8491 6444 11800 1354
13302 8929 8491 12935 29774 27816
21280 19710 11668 26872 2122 15109
21280 19710 11668 8498 8774 14374
21280 19710 11668 15342 4218 14384
21280 19710 11668 21164 3216 15837
21280 19710 11668 377 11313 20109
21280 19710 11668 4709 20170 10171
21280 19710 11668 4123 14921 24892
21280 19710 11668 8871 1930 14743
21280 19710 11668 11464 29925 15968
21280 19710 11668 10160 22773 553
21280 19710 11668 13791 2001 10429
21280 19710 11668 13862 24604 17290
21280 19710 11668 14815 10667 13969
21280 19710 11668 31671 9901 15544
21280 19710 11668 32640 28076 25361
21280 19710 11668 10011 645 32026
21280 19710 11668 26918 1443 11488
21280 19710 11668 9028 5438 13189
21280 19710 11668 24836 20667 9567
21280 19710 11668 22224 9306 1618
21280 19710 11668 28700 30039 2238
21280 19710 11668 26305 7308 17812
26872 2122 15109 8498 8774 14374
26872 2122 15109 20326 21113 13425
26872 2122 15109 15342 4218 14384
26872 2122 15109 23983 12615 23659
26872 2122 15109 21164 3216 15837
26872 2122 15109 11843 11418 28069
26872 2122 15109 13895 14664 22778
26872 2122 15109 377 11313 20109
26872 2122 15109 4123 14921 24892
26872 2122 15109 8871 1930 14743
26872 2122 15109 13791 2001 10429
26872 2122 15109 13862 24604 17290
26872 2122 15109 11651 19016 23953
26872 2122 15109 14815 10667 13969
26872 2122 15109 31671 9901 15544
26872 2122 15109 25412 27984 28424
26872 2122 15109 32640 28076 25361
26872 2122 15109 9028 5438 13189
26872 2122 15109 24836 20667 9567
26872 2122 15109 26305 7308 17812
26872 2122 15109 14043 15731 23918
26872 2122 15109 12935 29774 27816
8498 8774 14374 20326 21113 13425
8498 8774 14374 15342 4218 14384
8498 8774 14374 23983 12615 23659
8498 8774 14374 21164 3216 15837
8498 8774 14374 377 11313 20109
8498 8774 14374 4709 20170 10171
8498 8774 14374 8871 1930 14743
8498 8774 14374 11464 29925 15968
8498 8774 14374 10160 22773 553
8498 8774 14374 372 15634 7972
8498 8774 14374 13791 2001 10429
8498 8774 14374 13862 24604 17290
8498 8774 14374 11651 19016 23953
8498 8774 14374 14815 10667 13969
8498 8774 14374 31671 9901 15544
8498 8774 14374 25412 27984 28424
8498 8774 14374 32640 28076 25361
8498 8774 14374 26918 1443 11488
8498 8774 14374 9028 5438 13189
8498 8774 14374 24836 20667 9567
8498 8774 14374 22224 9306 1618
8498 8774 14374 26305 7308 17812
8498 8774 14374 6903 23124 2771
8498 8774 14374 26126 9448 29343
8498 8774 14374 12935 29774 27816
20326 21113 13425 15342 4218 14384
20326 21113 13425 21164 3216 15837
20326 21113 13425 377 11313 20109
20326 21113 13425 4709 20170 10171
20326 21113 13425 4123 14921 24892
20326 21113 13425 8871 1930 14743
20326 21113 13425 11464 29925 15968
20326 21113 13425 372 15634 7972
20326 21113 13425 13791 2001 10429
20326 21113 13425 13862 24604 17290
20326 21113 13425 14815 10667 13969
20326 21113 13425 31671 9901 15544
20326 21113 13425 32640 28076 25361
20326 21113 13425 10011 645 32026
20326 21113 13425 26918 1443 11488
20326 21113 13425 9028 5438 13189
20326 21113 13425 24836 20667 9567
20326 21113 13425 22224 9306 1618
20326 21113 13425 28700 30039 2238
20326 21113 13425 26305 7308 17812
20326 21113 13425 6903 23124 2771
15342 4218 14384 23983 12615 23659
15342 4218 14384 21164 3216 15837
15342 4218 14384 13895 14664 22778
15342 4218 14384 377 11313 20109
15342 4218 14384 4709 20170 10171
15342 4218 14384 4123 14921 24892
15342 4218 14384 8871 1930 14743
15342 4218 14384 11464 29925 15968
15342 4218 14384 372 15634 7972
15342 4218 14384 13862 24604 17290
15342 4218 14384 11651 19016 23953
15342 4218 14384 14815 10667 13969
15342 4218 14384 31671 9901 15544
15342 4218 14384 25412 27984 28424
15342 4218 14384 32640 28076 25361
15342 4218 14384 26918 1443 11488
15342 4218 14384 9028 5438 13189
15342 4218 14384 24836 20667 9567
15342 4218 14384 26305 7308 17812
15342 4218 14384 14043 15731 23918
15342 4218 14384 12935 29774 27816
23983 12615 23659 21164 3216 15837
23983 12615 23659 377 11313 20109
23983 12615 23659 4709 20170 10171
23983 12615 23659 8871 1930 14743
23983 12615 23659 11464 29925 15968
23983 12615 23659 372 15634 7972
23983 12615 23659 13791 2001 10429
23983 12615 23659 13862 24604 17290
23983 12615 23659 31671 9901 15544
23983 12615 23659 9028 5438 13189
21164 3216 15837 11843 11418 28069
21164 3216 15837 13895 14664 22778
21164 3216 15837 377 11313 20109
21164 3216 15837 4709 20170 10171
21164 3216 15837 4123 14921 24892
21164 3216 15837 8871 1930 14743
21164 3216 15837 11464 29925 15968
21164 3216 15837 13791 2001 10429
21164 3216 15837 13862 24604 17290
21164 3216 15837 11651 19016 23953
21164 3216 15837 14815 10667 13969
21164 3216 15837 31671 9901 15544
21164 3216 15837 25412 27984 28424
21164 3216 15837 32640 28076 25361
21164 3216 15837 7319 12123 1667
21164 3216 15837 26918 1443 11488
21164 3216 15837 9028 5438 13189
21164 3216 15837 24836 20667 9567
21164 3216 15837 26305 7308 17812
21164 3216 15837 14043 15731 23918
21164 3216 15837 6444 11800 1354
21164 3216 15837 12935 29774 27816
11843 11418 28069 11464 29925 15968
11843 11418 28069 13862 24604 17290
11843 11418 28069 31671 9901 15544
11843 11418 28069 26918 1443 11488
11843 11418 28069 26305 7308 17812
13895 14664 22778 377 11313 20109
13895 14664 22778 8871 1930 14743
13895 14664 22778 11464 29925 15968
13895 14664 22778 13791 2001 10429
13895 14664 22778 13862 24604 17290
13895 14664 22778 31671 9901 15544
13895 14664 22778 26918 1443 11488
13895 14664 22778 9028 5438 13189
13895 14664 22778 28700 30039 2238
13895 14664 22778 26305 7308 17812
377 11313 20109 16576 24476 1268
377 11313 20109 4123 14921 24892
377 11313 20109 8871 1930 14743
377 11313 20109 11464 29925 15968
377 11313 20109 13791 2001 10429
377 11313 20109 13862 24604 17290
377 11313 20109 11651 19016 23953
377 11313 20109 14815 10667 13969
377 11313 20109 31671 9901 15544
377 11313 20109 32640 28076 25361
377 11313 20109 26918 1443 11488
377 11313 20109 9028 5438 13189
377 11313 20109 24836 20667 9567
377 11313 20109 26305 7308 17812
377 11313 20109 14043 15731 23918
4709 20170 10171 8871 1930 14743
4709 20170 10171 11464 29925 15968
4709 20170 10171 372 15634 7972
4709 20170 10171 13791 2001 10429
4709 20170 10171 13862 24604 17290
4709 20170 10171 14815 10667 13969
4709 20170 10171 25412 27984 28424
4709 20170 10171 32640 28076 25361
4709 20170 10171 9028 5438 13189
4709 20170 10171 26305 7308 17812
4709 20170 10171 26126 9448 29343
16576 24476 1268 14815 10667 13969
16576 24476 1268 24836 20667 9567
4123 14921 24892 8871 1930 14743
4123 14921 24892 11464 29925 15968
4123 14921 24892 13791 2001 10429
4123 14921 24892 13862 24604 17290
4123 14921 24892 14815 10667 13969
4123 14921 24892 31671 9901 15544
4123 14921 24892 26918 1443 11488
4123 14921 24892 24836 20667 9567
4123 14921 24892 26305 7308 17812
8871 1930 14743 11464 29925 15968
8871 1930 14743 372 15634 7972
8871 1930 14743 13791 2001 10429
8871 1930 14743 13862 24604 17290
8871 1930 14743 11651 19016 23953
8871 1930 14743 14815 10667 13969
8871 1930 14743 31671 9901 15544
8871 1930 14743 25412 27984 28424
8871 1930 14743 32640 28076 25361
8871 1930 14743 26918 1443 11488
8871 1930 14743 9028 5438 13189
8871 1930 14743 22224 9306 1618
8871 1930 14743 26305 7308 17812
8871 1930 14743 26126 9448 29343
8871 1930 14743 14043 15731 23918
8871 1930 14743 12935 29774 27816
11464 29925 15968 372 15634 7972
11464 29925 15968 13862 24604 17290
11464 29925 15968 11651 19016 23953
11464 29925 15968 14815 10667 13969
11464 29925 15968 31671 9901 15544
11464 29925 15968 25412 27984 28424
11464 29925 15968 32640 28076 25361
11464 29925 15968 9028 5438 13189
11464 29925 15968 24836 20667 9567
11464 29925 15968 28700 30039 2238
11464 29925 15968 26305 7308 17812
11464 29925 15968 26126 9448 29343
11464 29925 15968 14043 15731 23918
10160 22773 553 6903 23124 2771
372 15634 7972 13862 24604 17290
372 15634 7972 14815 10667 13969
372 15634 7972 25412 27984 28424
372 15634 7972 7319 12123 1667
372 15634 7972 9028 5438 13189
372 15634 7972 6903 23124 2771
372 15634 7972 26126 9448 29343
372 15634 7972 6444 11800 1354
13791 2001 10429 13862 24604 17290
13791 2001 10429 11651 19016 23953
13791 2001 10429 14815 10667 13969
13791 2001 10429 31671 9901 15544
13791 2001 10429 25412 27984 28424
13791 2001 10429 32640 28076 25361
13791 2001 10429 7319 12123 1667
13791 2001 10429 26918 1443 11488
13791 2001 10429 9028 5438 13189
13791 2001 10429 22224 9306 1618
13791 2001 10429 26305 7308 17812
13791 2001 10429 14043 15731 23918
13791 2001 10429 12935 29774 27816
13862 24604 17290 14815 10667 13969
13862 24604 17290 31671 9901 15544
13862 24604 17290 25412 27984 28424
13862 24604 17290 32640 28076 25361
13862 24604 17290 26918 1443 11488
13862 24604 17290 9028 5438 13189
13862 24604 17290 24836 20667 9567
13862 24604 17290 22224 9306 1618
13862 24604 17290 28700 30039 2238
13862 24604 17290 26305 7308 17812
13862 24604 17290 14043 15731 23918
11651 19016 23953 31671 9901 15544
11651 19016 23953 26918 1443 11488
11651 19016 23953 9028 5438 13189
11651 19016 23953 26305 7308 17812
14815 10667 13969 31671 9901 15544
14815 10667 13969 25412 27984 28424
14815 10667 13969 32640 28076 25361
14815 10667 13969 26918 1443 11488
14815 10667 13969 9028 5438 13189
14815 10667 13969 24836 20667 9567
14815 10667 13969 26305 7308 17812
14815 10667 13969 6903 23124 2771
14815 10667 13969 12935 29774 27816
31671 9901 15544 25412 27984 28424
31671 9901 15544 32640 28076 25361
31671 9901 15544 26918 1443 11488
31671 9901 15544 9028 5438 13189
31671 9901 15544 24836 20667 9567
31671 9901 15544 26305 7308 17812
31671 9901 15544 14043 15731 23918
31671 9901 15544 12935 29774 27816
25412 27984 28424 26918 1443 11488
25412 27984 28424 9028 5438 13189
25412 27984 28424 26305 7308 17812
32640 28076 25361 26918 1443 11488
32640 28076 25361 9028 5438 13189
32640 28076 25361 26305 7308 17812
32640 28076 25361 6903 23124 2771
10011 645 32026 24836 20667 9567
7319 12123 1667 6444 11800 1354
26918 1443 11488 9028 5438 13189
26918 1443 11488 24836 20667 9567
26918 1443 11488 14043 15731 23918
26918 1443 11488 12935 29774 27816
9028 5438 13189 24836 20667 9567
9028 5438 13189 22224 9306 1618
9028 5438 13189 26305 7308 17812
9028 5438 13189 26126 9448 29343
9028 5438 13189 14043 15731 23918
9028 5438 13189 12935 29774 27816
24836 20667 9567 28700 30039 2238
24836 20667 9567 26305 7308 17812
26305 7308 17812 14043 15731 23918
26305 7308 17812 12935 29774 27816
